1.523156801905165114e+00
1.127372998203460153e+00
6.873344360551245646e-01
5.970890477416130881e-01
1.172138996841758929e-01
1.185535595300870604e+00
1.840241486113851632e+00
2.234914174153174837e+00
2.165687963033542385e+00
1.327820715622384906e+00
1.036598104070569182e+00
7.090887561936057848e-01
9.023631165361336581e-01
1.299318267374393709e+00
1.117069034294946528e+00
1.368787518537800008e+00
7.824655833107148073e-01
6.781922972535424643e-01
7.868956108677460648e-01
8.276871828894903915e-01
6.808831165504839467e-01
1.013025327720585622e+00
1.511042802891882753e+00
1.877732470576462198e+00
1.333880727838147928e+00
1.162642322974973386e+00
7.740066610819563708e-01
1.000532990100488906e+00
1.146112744235641134e+00
2.180800970069228517e-02
6.974391209522322610e-01
1.197148262892061776e+00
1.316406540652945489e+00
3.726040111015009870e-01
1.136295111123835744e+00
1.070183011007762808e+00
1.287164596552639262e+00
1.222349239523857323e+00
2.080880914421640249e+00
8.617345826025029076e-01
5.859490002744994763e-01
6.605596863249838524e-01
1.525642038782366150e+00
1.777874818327146722e-01
7.129523117790934617e-01
2.517710977064662625e+00
1.464324134398860666e+00
1.087633989251465039e+00
1.137606204670829291e+00
1.883148657642945423e-01
1.183388274511010696e+00
1.168242531450266908e+00
1.425360159556303019e+00
1.163723988674353560e+00
-2.012766246384542768e-01
1.264256216278290212e+00
9.227772633204005537e-01
1.083263114657616821e+00
1.040975651882106057e+00
1.111835176914883982e+00
1.780677006693521358e+00
1.000000848862846681e+00
1.025714158975888690e+00
1.001109899571602790e+00
1.038492015335445995e+00
1.143890692130131725e+00
1.876448380601204002e+00
1.066998363704700914e+00
1.787127511680381531e+00
1.065719512379876388e+00
1.169278344564479211e+00
1.108328976050774628e+00
1.321444230140038645e+00
1.284723704020634738e+00
1.689146886467481234e+00
1.107226712959922255e+00
1.124711392771641449e+00
7.654360051378007561e-03
2.117854837935150558e-01
7.554880879654745085e-01
2.929468901180932571e-03
