9.362439626197465170e-01
1.325820669368324101e+00
6.248241627193635434e-04
6.946136506189011239e-01
6.472577123020106793e-01
1.240400047425624708e+00
1.836434810225821668e+00
1.463123066227010050e+00
1.179225295415289754e+00
1.716579983697256617e+00
9.372727616164062692e-01
1.477092812718939774e+00
1.248735698666102678e+00
1.063669084934777631e+00
1.126086865101104006e+00
1.064749312522854874e+00
1.016287041922031120e+00
9.139468568053803477e-01
1.037216324476111229e+00
1.643772015572341427e+00
1.168702828563374263e+00
9.182199359536177274e-01
9.400357560810008728e-01
1.309534026395866357e+00
1.563246545771352025e+00
9.507506581789310074e-01
9.980355758982765169e-01
1.216261004882303265e+00
8.233738765506205537e-01
7.645626974014491095e-01
9.321235477998548458e-01
1.025197984201664303e+00
2.322819236379317087e-01
8.944240600509897887e-02
6.908943273814897035e-01
9.259482833625349851e-01
1.112444547913609139e+00
1.031023705766231480e+00
8.421972234951214942e-01
1.502067893005923693e+00
1.365338147385619871e+00
7.481663783321436112e-01
7.336706411098833369e-01
8.871472085199816338e-01
7.791965551731949713e-01
7.398395110818272169e-01
8.464618469959591662e-01
5.340404754091611084e-01
1.061903752498119635e+00
1.221015122732802105e+00
9.350601370924673805e-01
6.814740232942125830e-01
1.574241555791334291e+00
2.311499866041925699e+00
6.384648830986974222e-01
7.578226139369723668e-01
9.882266578932612511e-01
1.358949459394220627e+00
9.252571044470043748e-01
1.120566579532321194e+00
1.530190789538632856e+00
2.160364924781887019e+00
1.697306841369199404e+00
1.017974230946280700e+00
1.487481166166007229e+00
2.021354659868300097e+00
1.315577662660452063e+00
1.085335500795306940e+00
1.770471101999427699e+00
1.144421126558046398e+00
1.310598827050064141e+00
1.000000695699215791e+00
1.008902553321392226e+00
1.347752273389260180e+00
1.288531965652683908e+00
1.078042709536647603e+00
1.100331280750973084e+00
2.441245547075045902e-02
4.250136767060440635e-01
5.803769874717622512e-01
3.552588029010481097e-01
