1.218838770418690265e+00
1.226276944666809809e+00
7.976005627173194945e-01
8.523891422666759476e-01
2.833359346406921220e-01
1.468984105261028406e+00
1.023847968641397044e+00
1.496975184450779928e+00
1.352735079272458840e+00
1.510975031535630730e+00
1.089221828017285398e+00
1.250703709217496407e+00
8.569811910544248290e-01
9.193234732041842827e-01
1.088351667727374794e+00
1.627606122500132368e+00
6.861445421652050403e-01
1.110582386093413199e+00
3.799723173008949240e-01
1.103823674649123898e+00
1.250945142210255101e+00
1.891368631845239623e+00
1.035902676757977758e+00
1.263888337281842578e+00
1.913012247849898539e+00
1.100162220925150924e+00
9.967628391789280506e-01
1.226487275744951200e+00
8.631087768677865313e-01
9.665873274034055829e-01
8.316833645729397873e-01
9.627988079061492455e-01
4.278866977434900853e-01
1.053082587958644512e+00
1.436468930640143693e+00
9.442134328047112612e-01
1.162880891872036804e+00
9.873115870492028545e-01
1.177530623038227642e+00
9.501009886390742176e-01
1.356028557182772154e+00
9.924386011591004308e-01
8.859144480709949532e-01
7.987736337545773280e-01
9.505133267168863753e-01
1.072322787799535382e+00
9.382877223772754238e-01
1.070851192865098334e+00
1.093945794071934818e+00
1.063852508613254422e+00
1.172625239861376567e+00
9.643495122919959472e-01
1.249051336949394964e+00
1.279101148001229760e+00
1.020063513559951396e+00
1.057933154144968579e+00
1.121301475878724974e+00
9.770704147564756026e-01
8.878653667174930542e-01
1.396381521724731956e+00
1.058023273542342491e+00
1.054399329340396596e+00
1.126464000612066974e+00
1.067192906980797718e+00
1.154518619907918264e+00
1.000816237847895085e+00
1.250728751610440392e+00
1.118624369340712299e+00
1.149041320151935608e+00
2.310802703394005952e+00
1.006830112276323241e+00
1.028182681469234971e+00
1.154468210480968482e+00
1.024444812567633756e+00
1.251212002100455134e+00
1.093026517995503211e+00
1.306680475348213966e+00
9.032980682126602948e-03
6.335297735312134249e-01
8.368450042880331008e-01
4.192501521263855709e-04
