1.203832467069753331e+00
1.233011833844226635e+00
7.585305030718388908e-01
8.586687378756152622e-01
2.947442167124016965e-01
1.421364189129484590e+00
1.057375904112566323e+00
1.524367830289408809e+00
1.351297136729467274e+00
1.546031480600727592e+00
1.069463555218008066e+00
1.247742468460808274e+00
8.413619790460031833e-01
9.054311446638362293e-01
1.093039501759277554e+00
1.599007011715506854e+00
6.786661341536299741e-01
1.116512117427878259e+00
3.564722776637125889e-01
1.115394951376453170e+00
1.253896235847685281e+00
1.917354643962073002e+00
1.026482782756435785e+00
1.222742726966787430e+00
1.940950364773236680e+00
1.095637642292707881e+00
1.023024330767773105e+00
1.223105260871791389e+00
8.089241754508185167e-01
1.007865269474065961e+00
8.755795348073933670e-01
9.754036010955768887e-01
4.332726857211203209e-01
1.032513099328452810e+00
1.456007469689457823e+00
9.550791898098448529e-01
1.148892850575348401e+00
9.980203900307532683e-01
1.173160643956407512e+00
9.463701117691571962e-01
1.353041666828917133e+00
9.866841740505223335e-01
9.057474277025128195e-01
8.324859198673846272e-01
9.566519293779026656e-01
1.083100925961351546e+00
9.956561931624318129e-01
1.031357810503943373e+00
1.180492814718764993e+00
1.027310983557265356e+00
1.183333366552265620e+00
9.639771817984328361e-01
1.306017426508505608e+00
1.278697958454242389e+00
1.034260179385207090e+00
1.051015353127782381e+00
1.130726397037569830e+00
9.604287940566994530e-01
8.421519567822991492e-01
1.422320822035902932e+00
1.058401047616485791e+00
1.077106081195446485e+00
1.038946433428795446e+00
1.069345737681345998e+00
1.139895539055587825e+00
1.000488942329577524e+00
1.285877482568563934e+00
1.146199818606390863e+00
1.183457947627843954e+00
2.312314661595510579e+00
1.017495478587284952e+00
1.043493589597534354e+00
1.139326641433685783e+00
1.021162965850234583e+00
1.224797597974179642e+00
1.076994294966685972e+00
1.263018378693847588e+00
1.267582232742076867e-03
6.723324355691250309e-01
8.515053855608616384e-01
9.115602001789522516e-05
