1.479565144501404417e+00
6.507414079525772888e-01
1.003664957595461260e+00
1.467001339961067519e+00
1.312847674715603707e+00
1.503729502066495582e+00
1.402561017673223498e+00
1.440852181035921609e+00
1.540693838298487162e+00
2.126284972434470788e+00
8.655412829774121741e-01
1.222355221422772864e+00
6.157087372434950634e-01
1.215484249631194391e+00
9.110872229481824514e-01
1.799167386843538941e+00
1.042780087642289022e+00
1.243153350489826225e+00
1.250171413126848208e+00
7.976801397085654388e-01
1.142409017665629856e+00
1.894318873016022975e+00
1.371570050842229715e+00
2.163631736555713836e+00
1.006443633912977864e+00
7.930826242264744641e-01
1.311089997509891525e+00
1.209998776894721795e+00
3.013797609380180487e-01
1.352247462341285678e+00
4.794248048724853994e-01
6.759196603706372208e-01
1.297782561862605322e+00
9.488894790755789677e-01
6.385387266500551773e-01
1.881158070401782179e-01
7.929842078032697250e-01
2.921527749500471560e-01
1.806016829588466877e+00
1.069013498660219996e+00
1.243134785170294743e+00
7.045181365633418694e-03
3.886697903049105562e-01
6.781543568850103565e-01
1.086982709499614286e+00
5.857061490812104365e-01
1.402191850590514877e+00
7.776453330984690604e-01
6.041911473677148425e-01
1.221128227485884343e+00
8.320968893312192805e-01
9.474552421845282568e-01
1.390354593335931144e+00
1.397656243854512592e+00
8.220645122478567046e-01
1.108535405596715817e+00
7.012215904010249412e-01
1.710007000752472139e+00
6.697496040414665508e-01
1.366730222361520308e+00
1.421511427081701084e+00
1.030043129770766619e+00
1.136821615062280078e+00
1.209522734311153869e+00
1.278315433922423638e+00
1.206205149574214763e+00
1.792257339971675467e+00
1.056313634894349152e+00
1.009019207122982209e+00
1.003373881239370435e+00
1.149554139089389970e+00
1.000543469047451506e+00
1.002680351450210949e+00
1.034608134862718742e+00
1.117825342404782818e+00
1.282921525673483387e+00
1.425655024592964226e+00
5.535360184897597513e-01
1.887670452266112520e-01
5.639196114578578500e-01
1.057126576304667775e-01
