1.231830851061127330e+00
7.336460914327533889e-01
1.114992946797468854e+00
1.439614182102966877e+00
1.032784938054646995e+00
1.487307700218333695e+00
1.287586114359763556e+00
1.202106975895174790e+00
1.319038402236211605e+00
2.086637013337000468e+00
6.455917907228915231e-01
1.152384595279823731e+00
9.228307484127210580e-01
1.004486278156379919e+00
9.165297487705871271e-01
1.598971137860039304e+00
1.165767561290902865e+00
1.013737857841024104e+00
1.359808839067835784e+00
4.282377287724853376e-01
1.291953707831448472e+00
1.702360164022972855e+00
1.468746238729229381e+00
1.899005625211785064e+00
1.012562092264633007e+00
6.495991547550340472e-01
1.493386548614472842e+00
1.048691896543406221e+00
4.775975011859452946e-01
1.413918749545066467e+00
4.936713814431265002e-01
9.237531859807578405e-01
1.263023364928023584e+00
8.345488286074511652e-01
5.258649277836702218e-01
2.144227481488231724e-01
6.834241329821100219e-01
2.973413812524634547e-01
1.681370569096854117e+00
8.609626281181548269e-01
1.286459168273854869e+00
3.837718715423234506e-01
5.567549239623342805e-01
6.535281631476600461e-01
1.404927904634550639e+00
6.708403137686640427e-01
1.520575111706731430e+00
8.832436099775666793e-01
7.874819206668147720e-01
1.319304271171498399e+00
5.675801247002285610e-01
9.771993746874187980e-01
1.370692951004515825e+00
1.498178937218747953e+00
9.856846929161526827e-01
7.610098773428867203e-01
7.642670029782673291e-01
1.671741160578114727e+00
5.994807202745440211e-01
1.031483623900283142e+00
1.351749826366479779e+00
1.052552006238598015e+00
1.141265784606894540e+00
1.143785926179967660e+00
1.342646143204337505e+00
1.153445841938657068e+00
2.089809382812597871e+00
1.065325666330538601e+00
1.313305344522540219e+00
1.043163361603381967e+00
1.294182940739931897e+00
1.005325227241513408e+00
1.010075823507544657e+00
1.113846246163401776e+00
1.322541577202065000e+00
1.000000141506740547e+00
1.528626226820169132e+00
5.245062757593038638e-01
1.134696262602714591e-04
6.864128351854030807e-01
2.120902969721924769e-01
