1.322049623800318541e+00
1.014499901682895500e+00
9.247512768751250389e-01
1.062989954279009996e+00
1.260716601760094813e+00
1.671589738963243699e+00
1.053122978715399061e+00
1.030290494489619402e+00
1.480747537948746695e+00
1.461609054105758032e+00
1.534035608720848431e+00
1.120055722230911543e+00
6.548072098826981380e-01
1.274821613390680897e+00
8.721129058792201905e-01
9.178266456031703990e-01
3.975893182493369649e-01
4.433935483512743136e-01
1.397407651595442557e+00
1.757760158099493042e+00
5.730485487237815256e-01
9.339386679565564453e-01
1.598895847781325541e+00
1.665115925125436158e+00
1.732736810573373809e+00
9.482063217546615741e-01
1.523251527707912611e+00
8.850891379362475497e-01
1.245562940818091713e+00
1.368285563290856655e-01
1.943608552968598024e+00
8.390115631771722926e-01
8.520197027514809784e-01
1.190545030202301735e+00
1.060790895061266115e+00
4.076313147238648238e-01
9.124025681981228209e-01
1.531666242878700679e+00
1.244729799129784764e+00
1.134666792265815571e+00
1.233640284346240845e+00
9.040285193182009404e-01
1.671133453976720418e+00
5.105214377280149485e-01
9.560169287895098345e-01
1.013701736715405088e+00
1.092213585657429986e+00
1.182807364454633525e+00
5.952581500811052750e-01
8.053998329948762747e-01
1.424983170393135268e+00
5.048486179448286038e-01
1.814108477326612734e+00
1.903139742759520026e+00
1.038100539161739722e+00
1.986376357191251829e+00
9.723478377006350426e-01
1.049382916796882892e+00
9.756745418561314498e-01
1.160119732458788411e+00
1.259814896125565742e+00
2.182050224317702014e+00
1.030310046357215903e+00
1.075242635574647609e+00
1.122582887361962767e+00
1.800812289437388802e+00
1.322470950397104383e+00
1.156975304368454083e+00
1.090016027280583222e+00
1.001623579235291661e+00
1.007988199358706982e+00
1.543707160935416489e+00
1.237745791249394767e+00
1.008553717587811205e+00
1.531212883584089246e+00
1.019381588539536532e+00
1.041145921628085169e+00
2.716724378480552815e-01
3.135974295353817221e-01
5.217592408383739944e-01
3.694191706852557600e-01
