1.283933396045369824e+00
1.035490238206920210e+00
9.330329776078423176e-01
1.113570699550992416e+00
1.199839617983427642e+00
1.681423224707057074e+00
1.053547847171493412e+00
9.597474261175927834e-01
1.471627445547612822e+00
1.452228059218574119e+00
1.588472754573968304e+00
1.148601563409905157e+00
6.035474876443891468e-01
1.276675027637343529e+00
8.438175914910313047e-01
9.489231863293103864e-01
3.662415218763605540e-01
3.899594055119069980e-01
1.386013023506261543e+00
1.730159931426565656e+00
5.854033570404635345e-01
9.451101097896521530e-01
1.576080532840911097e+00
1.684160632566114035e+00
1.697907636389297537e+00
9.641199280005935401e-01
1.458071413583109877e+00
8.650696836799276479e-01
1.260361047717813321e+00
1.277831089698982514e-01
1.975135978158977013e+00
7.367993593534203356e-01
8.346552131924930285e-01
1.188596325282185173e+00
1.082990551958710412e+00
4.600644796661072511e-01
8.962052813292602504e-01
1.504098298133844880e+00
1.200820455396708786e+00
1.153751771873501752e+00
1.155120708657907391e+00
9.383604317644564929e-01
1.682397197698013658e+00
4.940528216042309184e-01
9.684417422214637305e-01
1.017290581303998076e+00
1.108986896817828471e+00
1.148064565120937353e+00
5.447298735054461050e-01
7.731320490490578567e-01
1.449358372658835270e+00
4.676976458239323620e-01
1.865616479989984811e+00
1.865103702939810759e+00
1.038511340672193972e+00
1.951453191681629340e+00
9.620661165149316796e-01
1.047383966792089893e+00
9.486157401601209571e-01
1.184056165050766163e+00
1.282992499499916006e+00
2.158262881053850002e+00
1.064632278334443960e+00
1.094894859034284629e+00
1.176415719508912883e+00
1.842359021449008871e+00
1.339656843513354234e+00
1.127277575260893450e+00
1.070731376966993942e+00
1.014566216701411783e+00
1.007655587188750479e+00
1.539956790126296937e+00
1.236254493301048196e+00
1.004835065002336325e+00
1.498937191652297107e+00
1.000294782651718783e+00
1.014375119591411689e+00
2.684802199626088459e-01
3.333793557222689552e-01
5.717451617345861159e-01
3.444364843716112290e-01
