1.284866036446925541e+00
9.977302133658091376e-01
1.099003219330300984e+00
9.720098799217669061e-01
6.976306936562330918e-01
1.614733492430688422e+00
9.529081869760115397e-01
6.144432814393108178e-01
9.036768663215652975e-01
1.917158954931116988e+00
4.449734873127699775e-01
1.098027954050369903e+00
7.496291833306486518e-01
1.141190415148050530e+00
9.807742467766571437e-01
1.528282819031474782e+00
4.037554043055078812e-01
4.041324739578916470e-01
1.107673308383567257e+00
1.005728734784414602e+00
9.775958092946205324e-01
1.184508573589826197e+00
8.743788332838111632e-01
1.573267525065147998e+00
1.281697461932910009e+00
1.175009347323427766e+00
1.113467130029816898e+00
1.266184993087806854e+00
1.071883915015814370e+00
8.712147432787356038e-01
1.411430524702731670e+00
7.205525227761264695e-01
1.077484313122666126e+00
1.416935500707452739e-04
1.118293870289052361e+00
5.363082593831633993e-01
7.842822669219842169e-01
1.022975571678423679e+00
8.736818687034666464e-01
1.062172735616087271e+00
6.548863092829919630e-01
8.245490450487269474e-01
7.988504231371583719e-01
5.005599393443715961e-01
5.776232726926514571e-01
1.093553064805694142e+00
1.322690307026284984e+00
6.938759403506126189e-01
3.479648261442926938e-01
1.418093661782000803e+00
1.847799844752818332e+00
9.212536920343715741e-01
7.774183660657475459e-01
1.248222558297538143e+00
1.273453990233075261e+00
1.710140472359233499e+00
1.588230892512264125e+00
9.458029604647826272e-01
8.704456941240390488e-01
1.085183693835363616e+00
1.394437731082218246e+00
1.170681561675318560e+00
1.055885264581770677e+00
1.054287887736344187e+00
1.082136386723083099e+00
1.042405680076005980e+00
1.061350088814754455e+00
1.338063778368414392e+00
1.094953302618862478e+00
1.029273297925014541e+00
1.195719910858654478e+00
1.380277389802855970e+00
1.008356679117358379e+00
1.000405360789429876e+00
1.018155862731424000e+00
1.037487873559058915e+00
1.742116810660663484e+00
