1.180533954734492408e+00
9.478116924254443854e-01
9.071728384085390173e-01
9.764035975926167454e-01
1.135141149198193311e+00
1.555117923674588010e+00
1.099824859935848220e+00
1.122701391674518767e+00
1.324874763968333813e+00
1.825882104476729717e+00
1.207991943395468226e+00
1.099673343379071744e+00
1.070490174537920947e+00
8.451237945476078872e-01
8.828581563211879146e-01
1.389648778240840432e+00
1.221074657888715942e+00
7.740009784635161205e-01
9.546080840368766918e-01
8.495581693807376933e-01
9.434743538442184052e-01
1.295761112086077027e+00
1.052660057003781624e+00
1.774559368735701970e+00
1.200786000313020407e+00
1.139982350727638760e+00
1.053763017231221122e+00
1.022756996338259006e+00
4.893649815115669877e-01
9.821444883164007766e-01
4.630894919930602649e-01
7.951277570736643430e-01
1.038888400971264891e+00
1.135724462489950737e+00
8.531243767196466932e-01
9.276581566328526707e-01
1.009819044187663106e+00
1.040091688756831889e+00
1.091785515943048734e+00
1.045910283279947839e+00
9.404272034615546172e-01
1.273364561726942457e+00
8.656410909176236457e-01
2.324172053420781869e-01
1.014622918722700939e+00
9.146785787625821840e-01
1.072275363497715128e+00
9.445077126339966878e-01
8.580542769834708094e-01
1.223861251162303931e+00
9.734755800011037907e-01
1.341910396295011854e+00
8.356104035039095823e-01
1.171616441211197568e+00
1.001030054924244128e+00
1.059242141391837810e+00
6.711241936748350012e-01
1.180384810280016072e+00
1.037312106443913473e+00
1.099809246654523731e+00
1.270703181915173730e+00
1.114841054382466279e+00
1.118301835791555066e+00
1.247374159074782218e+00
1.278426478212778772e+00
1.180748812413341176e+00
1.024727532008597342e+00
1.000080866441809047e+00
1.206056016048489665e+00
1.028131783856552905e+00
1.043637344829142721e+00
1.004678262751409923e+00
1.157411558773092430e+00
1.149284486502691882e+00
1.792684719347521494e+00
1.385697356924197043e+00
1.166517408153551649e+00
1.985156738047097469e-03
6.981389304119638428e-01
8.944862302599771997e-01
1.118926558268063125e-05
