9.344730317087391880e-01
1.323863527516146554e+00
3.536775861555736724e-03
6.958029925267038562e-01
6.554437377418618205e-01
1.250150440688302611e+00
1.797298326834212645e+00
1.466594459831089603e+00
1.196735079963372916e+00
1.693599201551101441e+00
9.478159246839764629e-01
1.474489380365797908e+00
1.231500673634511100e+00
1.058024319112987222e+00
1.131148779239869784e+00
1.067377166761795726e+00
1.005698112447935832e+00
9.057032376743466839e-01
1.038966328786552262e+00
1.652866963960939684e+00
1.142778777669050783e+00
9.262312118147946194e-01
9.410257816097487016e-01
1.300801546831328981e+00
1.562341466133525980e+00
9.560031639485938593e-01
9.889025383851947071e-01
1.214077934903941003e+00
8.160071299393165667e-01
7.620768162380014976e-01
9.300823465716558935e-01
1.027504748631465903e+00
2.351367607101742252e-01
7.631592216825458519e-02
6.845444103992108786e-01
9.309786217925943852e-01
1.101941459026826386e+00
1.040150238650661141e+00
8.339481391915860575e-01
1.499361676347485961e+00
1.353543781934223755e+00
7.556612818740134907e-01
7.408008798627789826e-01
8.873283760938756037e-01
7.851951161589375561e-01
7.323154208849230740e-01
8.379809721759799990e-01
5.375353720373984290e-01
1.066042081601147995e+00
1.219797831463520055e+00
9.256453218612986644e-01
6.774972569349640983e-01
1.573568137724266736e+00
2.310462418741876078e+00
6.560071510575644638e-01
7.659033976369674646e-01
9.785470214776789133e-01
1.359325585440392503e+00
9.271821742878992856e-01
1.120511196252330866e+00
1.524493325138838618e+00
2.162791378603153181e+00
1.685577659096545000e+00
1.011094599787882853e+00
1.489027473595717410e+00
2.012971972190527925e+00
1.328446490453963902e+00
1.076899292702432565e+00
1.750038333990697081e+00
1.149051060684075809e+00
1.304001867915237423e+00
1.000540845675378376e+00
1.019979751658234957e+00
1.336983715923054206e+00
1.292003788824690469e+00
1.072971059719422193e+00
1.090276281076185461e+00
2.651498274384310114e-02
4.197381668962422152e-01
5.879670023714458349e-01
3.519005677408008625e-01
