2.363758740141492343e+00
1.315912818798883777e+00
2.862657754583257108e-01
9.640416326620968590e-01
1.089893923033669720e+00
1.854757766116192474e+00
8.569679118095353543e-01
6.566731426719913944e-01
9.112742340477920644e-01
1.838837491072846442e+00
1.232731517794970699e+00
9.321503078160620070e-01
8.284618136112756881e-01
2.182344384702445961e+00
9.551237025052662366e-01
1.225708498498401910e+00
1.134912333484426439e+00
1.882341415051294264e+00
2.365242615386062841e+00
1.788525000950580646e+00
3.052530090589793410e-01
1.194570539104207407e+00
1.703307502669593410e+00
1.688904059383116607e+00
9.823889952641898793e-01
1.200223833960333497e+00
9.957800232020151965e-01
1.445070776827311443e+00
4.273681900068583839e-01
1.116414870911152768e+00
4.842045294581128756e-01
1.067732101269526890e+00
1.397190130927391527e+00
9.897773747368117103e-01
7.902988009257634339e-01
1.880374161748699369e-01
1.665066442162490112e+00
1.376038378960731112e+00
2.626234724978477875e-01
6.056346297262638068e-01
9.799674166225265104e-01
9.830289542407557590e-01
6.069527111498281835e-01
5.302642739455827939e-03
2.179870626742131279e+00
1.100652035657370575e+00
1.012422325194158645e+00
1.801804183575418605e+00
1.819110892571561555e-01
1.380974578615806525e+00
4.502215458899650469e-01
7.329053600915668154e-01
1.645817986796531684e+00
1.871396146608931943e+00
1.382933762906241482e+00
4.680945009789108657e-01
2.432419728382363977e-01
1.093162261474735386e+00
9.410084015752480102e-01
1.073221307785700018e+00
1.356685373867093425e+00
1.049004654359814159e+00
1.000527549560358276e+00
1.642208175692167371e+00
1.045134204690819857e+00
1.288612699089581204e+00
1.055327395905240051e+00
1.116003499033056290e+00
1.013434262035359357e+00
1.176074927062058295e+00
1.437291131969721691e+00
1.877591370056380438e+00
1.245947582401440101e+00
2.144023417299776302e+00
2.301313699934302459e+00
1.474335328617521590e+00
1.220927032760952491e+00
4.421621260209855631e-02
4.545442374701134935e-02
5.113724852062168091e-01
1.563946868204665885e-01
