2.393586345580710262e+00
1.470625116356757411e+00
4.606559497392532787e-01
1.112432296377082075e+00
8.225991005446856574e-01
2.002433874976917938e+00
5.770562836082600011e-01
6.377395543443604709e-01
7.728617623967771744e-01
1.816577972404158636e+00
1.213296101541862626e+00
1.140882748296893956e+00
9.149942973778112387e-01
1.611487432960084343e+00
1.030545245072371996e+00
1.009430988328084311e+00
1.212844449429979932e+00
1.895107674840690981e+00
2.200877319619992889e+00
1.671411002816100444e+00
2.348331302223644890e-01
1.297447941276466565e+00
1.577155246228129748e+00
1.583490327249926555e+00
1.048251633231556790e+00
1.004989172994083635e+00
1.086663302668336772e+00
1.484501404204869646e+00
3.922794882216231183e-01
9.118491747175113682e-01
4.769073993556336988e-01
1.033639287161867815e+00
1.442362920648695424e+00
8.823664728415272496e-01
9.443877900975858886e-01
2.939809890297945816e-01
1.450907372664714146e+00
1.321231670732781360e+00
3.376715759077781320e-01
4.829188490415833312e-01
9.032841447288461056e-01
1.057304301686858183e+00
8.610879899170011953e-01
4.214253292225333611e-03
2.148915023403938029e+00
1.254205134380798947e+00
9.632654268683454868e-01
1.564600194694109714e+00
3.040594042623316895e-01
1.274083281641193111e+00
4.598868872653628648e-01
8.354226340094385028e-01
1.678534341377603045e+00
1.926810248530481662e+00
1.395593537156672337e+00
2.574870918259883346e-01
4.345560417329726866e-01
1.043509332668321576e+00
8.540565186132959008e-01
1.108325220221825003e+00
1.193618551207012768e+00
1.011868953831926765e+00
1.229271351966969128e+00
1.615068367961830731e+00
1.156337471851842880e+00
1.311243992588307483e+00
1.050211498288541989e+00
1.106505437232263578e+00
1.198064389343963310e+00
1.183877213531218331e+00
1.420450311957647704e+00
1.964859426872219927e+00
1.163818858104945342e+00
2.112569892890654000e+00
2.537043903699347069e+00
1.528552920524603342e+00
1.431772610367980203e+00
2.917532771905053356e-03
6.537774374490858131e-02
5.485050427700405296e-01
8.760985683656947673e-03
