9.960457975494771965e-01
1.612472435319949993e+00
7.607692741220842825e-01
1.892983643005470062e+00
8.083991733389234158e-01
1.548097349592190142e+00
9.342108893247154100e-01
2.107095385187017555e+00
1.462628403051932535e+00
1.658699216630167728e+00
4.140564699152685657e-01
8.133466058048245406e-01
1.210718375173850836e+00
1.197867526808353400e+00
1.082866125185689254e+00
1.649975485029939959e+00
4.907017557600909519e-01
1.760240544763515658e+00
6.591334846193742658e-01
7.798164481317506613e-01
1.024950425014517386e+00
1.779383497832763172e+00
1.137876495503250318e+00
1.285167446475482311e+00
1.376573490255664778e+00
1.319593065499764517e+00
1.485962311822666360e+00
6.867658729312349219e-01
1.266432034128361028e+00
1.129665175643802755e+00
3.217589386031385335e-01
3.873126670009036654e-01
1.119858703416054757e+00
1.091299148123836105e+00
1.795407426420542185e+00
7.726073054351804137e-01
7.301960260105526679e-01
2.446901578549526453e-03
1.185575750425998276e+00
6.356035048117161246e-01
1.681115571735663838e+00
1.177381562289996575e+00
1.260639703480829210e+00
4.371513714177236998e-01
1.185050062070152288e+00
9.664953687674848748e-01
2.265323417282596313e-02
4.767057941493583750e-01
1.167678253237999897e+00
1.366413504815715108e+00
1.245216834706500686e+00
7.523855541083085408e-01
1.628874234580550695e+00
2.090220550302275271e+00
1.428627383598096934e+00
9.025751607097241003e-01
1.663740449804368193e+00
1.212330100787691656e+00
4.038046676289447912e-01
1.003872303357198348e+00
1.190722924277931805e+00
1.206847184755517333e+00
1.649070386654794884e+00
1.520973208044557490e+00
1.091540502124364487e+00
1.046032958361682752e+00
1.457585823959929305e+00
1.202300012206256374e+00
1.751162333511672609e+00
1.030322003020599952e+00
1.212679032168487492e+00
1.035023979134611860e+00
1.725543764095161414e+00
1.000681793961935684e+00
2.650564534676516981e+00
1.171228830225047091e+00
1.257053778146347778e+00
7.653809433938030260e-02
8.873032312128771304e-01
9.364210874579224075e-01
1.574099889709142108e-02
