1.306467542788890990e+00
8.948191295749738927e-01
1.145202529498055455e+00
1.035292732547929972e+00
1.148881811425299659e+00
1.704743507573432071e+00
1.033654593697256097e+00
1.345390763213504259e+00
3.978525149154622520e-01
1.986634368957919339e+00
1.183542728113525788e+00
9.773809198688910849e-01
5.309974125215437546e-01
1.229349766660384535e+00
8.882429727917752205e-01
2.061474364513370627e+00
3.782347917797974635e-01
2.913256448026881745e-02
1.223798184794637534e+00
5.595634017656113679e-01
1.303146518715328606e+00
9.430694881445493838e-01
1.394623939067809015e+00
1.688144361077678290e+00
1.154857166584264627e+00
1.182383462588955325e+00
8.571942758577596466e-01
1.488830034118224122e+00
1.262177598466326822e+00
6.375464182456310747e-01
1.043455806343086323e+00
3.253082143230557333e-01
1.018490378068856339e+00
7.864793351812255241e-05
1.226137359438272956e+00
2.418547461929186349e-01
4.251115933649567968e-01
1.447751313699153997e+00
1.148498555288371969e+00
6.450345585893131339e-01
5.160913626105646523e-01
9.240056774251580451e-01
6.461047911512203257e-01
4.741945359686684514e-01
1.883416137133580581e-01
8.979301569108716352e-01
1.646725983455496145e+00
2.679095312416144292e-01
4.111432898581613982e-01
1.291810254399282876e+00
1.195879338073327913e+00
6.913125353695611652e-01
8.104759046057841143e-01
1.278828934136135631e+00
1.349371148432278122e+00
1.581229831410335462e+00
1.382852804979092909e+00
1.298468801247878002e+00
9.709764561365831215e-01
1.040833572722650979e+00
1.018313520246182602e+00
1.686270520542845208e+00
1.165007558466442106e+00
1.342886570683246461e+00
1.020426242449008036e+00
1.192893837456966866e+00
1.009302604835645489e+00
1.189342195264252000e+00
1.044062538404038065e+00
1.021974078738091540e+00
1.423119354025211170e+00
1.561765438856795862e+00
1.142319893970589639e+00
1.125678806016187306e+00
1.135802686440139819e+00
1.325128841858493001e+00
1.746453231295517661e+00
1.767286855008082594e-02
6.941225870604921244e-01
8.237039436952084959e-01
5.575910120034677235e-06
