1.197151807604363238e+00
1.015776454164481590e+00
1.117174937007822111e+00
8.775281348162066175e-01
1.071169690769233629e+00
1.662680474152389065e+00
9.630738807741794361e-01
1.282506652065436237e+00
6.573948194278520507e-01
1.878017449357795909e+00
1.186743630403599870e+00
1.007726874367773640e+00
6.193386981421120652e-01
1.248555913736239864e+00
1.047909016942937921e+00
2.007943108692932022e+00
1.342964471219767197e-01
1.624033339661348080e-02
1.256973449542830190e+00
8.553755363297730341e-01
1.381026259896777741e+00
1.030730943153300716e+00
1.343479618244932894e+00
1.650298204052484508e+00
1.209190543071210877e+00
1.194278936211163655e+00
8.699383268922531443e-01
1.349336860836043428e+00
1.159730489643486351e+00
8.680656399475131790e-01
1.102088638860376779e+00
3.037055039693383751e-01
1.187523832924453959e+00
2.723434949954832776e-02
1.148079528474653888e+00
4.920218486086214149e-01
6.131835783948953456e-01
1.572731015470851368e+00
1.319406873344819431e+00
7.740952119096092821e-01
6.704094941003477803e-01
8.992984983480851735e-01
7.148278254115117969e-01
3.884343974128249277e-01
3.198280887259454253e-01
9.317687683978984614e-01
1.726585553026192876e+00
3.546405681950606237e-01
1.105262456672825994e-01
1.209630815357978006e+00
1.227172544951155242e+00
5.756314237937526501e-01
9.144295495718790523e-01
1.223613101744657206e+00
1.267623043316029818e+00
1.654034366691736535e+00
1.248783474907727120e+00
1.229468053785941928e+00
9.074017245402025145e-01
1.034126323619180443e+00
1.010367758038178243e+00
1.606174064462026596e+00
1.140260322401848825e+00
1.145826919264806065e+00
1.038811105957366143e+00
1.211018867902302842e+00
1.042551772910369712e+00
1.394009387141493361e+00
1.145238767675250235e+00
1.062443053782291091e+00
1.618032728970251188e+00
1.668888811006028261e+00
1.383906448091736685e+00
1.064641790224178264e+00
1.091753992834904263e+00
1.359318644493079820e+00
1.866644312736692290e+00
1.851756725602347886e-02
6.719501087655411764e-01
9.867072965429664055e-01
5.805301739222847366e-05
