1.329955235592387153e+00
1.143923161664217814e+00
4.978526251243062806e-01
1.417036309069770184e+00
1.368444974043937057e+00
1.459105246582681259e+00
1.106289089708921924e+00
1.557995255799653922e+00
1.815197997586038392e+00
1.719876786034997496e+00
1.073988508335755876e+00
1.013840708168126215e+00
4.057006022019164493e-01
9.879878792116930653e-01
9.002425866215605366e-01
1.604067786181694322e+00
9.344226901445914502e-01
6.925385736258777847e-01
1.113868536020001132e+00
1.422347209859329276e+00
6.409060307136937862e-01
1.846984434767323435e+00
8.321913324656224908e-01
1.932462130108038689e+00
1.714067485310719618e+00
3.596701102163303576e-02
1.356772912515375351e+00
9.871767062593647113e-01
8.649604747738748323e-01
9.861137449155877865e-01
1.370517505365055344e+00
1.236406651887977493e+00
6.250769237407850509e-01
8.941246612597304466e-01
9.389478749351861664e-01
9.475999173998729264e-01
1.472573974647274797e+00
1.092830676559243264e+00
1.054954105754290161e+00
1.118483847698413580e+00
1.115175968475929036e+00
7.085636349425757929e-01
8.998641117289499780e-01
4.064088444194755012e-01
1.341241299527996977e+00
7.441723282920482685e-01
6.989986998316711775e-01
4.064458071015625840e-01
1.027771831993483431e+00
9.801316387929804863e-01
1.436279289663937808e+00
6.261447468463725574e-01
1.191358946543290998e+00
1.147631681386813929e+00
1.519687226271584590e+00
9.585925239377849350e-01
8.512650607970533301e-01
1.060522295189159525e+00
7.789060450740638020e-01
1.463769419743156552e+00
1.089750789287561972e+00
1.019524946871015469e+00
1.439096773277247054e+00
1.354938267781349737e+00
1.815467205192765610e+00
1.208103735208190255e+00
1.017467067220898969e+00
1.262291513846471425e+00
1.363932116368343550e+00
1.000182473001675065e+00
1.051048076348756410e+00
1.802210616059335635e+00
1.167107791545608730e+00
1.001691756307721226e+00
1.055170572739440704e+00
1.705227388616797457e+00
1.431482533181777983e+00
6.592664309700466477e-03
2.241037173815002281e-01
7.761259638064935684e-01
1.340581439718101751e-03
