1.344929489832976888e+00
1.141977171033008887e+00
5.111018545423612336e-01
1.431979894038548418e+00
1.379939563831124483e+00
1.461715392597528140e+00
1.100097372515990823e+00
1.551283470906793305e+00
1.822991875318614730e+00
1.726609578463609962e+00
1.069652227326183702e+00
1.014679798838354685e+00
4.177005363266942384e-01
9.720175913331896567e-01
9.035910501186830146e-01
1.598824226186961406e+00
9.513018916872884034e-01
7.135514109936265115e-01
1.101197387087156532e+00
1.414621664543343593e+00
6.442008478492529111e-01
1.855602283459955482e+00
8.319347789728291920e-01
1.929016847455976569e+00
1.716632506304285322e+00
3.961737383243922606e-02
1.344174940284775577e+00
9.671382822712363270e-01
8.686517158129460903e-01
9.836244272988123871e-01
1.367038742443803967e+00
1.230451577226165716e+00
6.010526772059079370e-01
8.846270803364832958e-01
9.394956367985798362e-01
9.475820794828467841e-01
1.472251839394484785e+00
1.109477624286551389e+00
1.038416225062701592e+00
1.109076786166263373e+00
1.096730897298302754e+00
7.121000709841370790e-01
9.241109214742031508e-01
4.304465542232098207e-01
1.354275865476302076e+00
7.506013403117154370e-01
6.945112442177009404e-01
4.130967331948537935e-01
1.015072314541881848e+00
9.919456083990876305e-01
1.431091415223429086e+00
6.468997151068475171e-01
1.202929644575617463e+00
1.121644378527251185e+00
1.534748720454065518e+00
9.539140968047862268e-01
8.637132527930704295e-01
1.074686866681549002e+00
7.861250860692928777e-01
1.500360116232743346e+00
1.094153866648141182e+00
1.017142604047940324e+00
1.433659644764882612e+00
1.361117449724701167e+00
1.803625510318900282e+00
1.189788070005098453e+00
1.015515693211263892e+00
1.274693771498591977e+00
1.350217580417367502e+00
1.000038124566843711e+00
1.059533035279338620e+00
1.804719147214028929e+00
1.164905755757591477e+00
1.000346734686817785e+00
1.059090397789880900e+00
1.699006443251372289e+00
1.435007196359507686e+00
8.020431601804853955e-03
2.140567006408856110e-01
7.793662380841950288e-01
3.620064303686465826e-03
