1.420474565721708382e+00
1.249269138537112633e+00
7.985290044464845582e-01
7.542182658768310510e-01
6.286137239105979435e-02
1.059991850067201868e+00
1.664173211621163828e+00
1.611787139960119353e+00
2.016596951727682274e+00
1.472040332786187511e+00
1.144595856191789940e+00
7.522580197522793499e-01
1.152137956182219369e+00
1.002000906391844914e+00
1.145882162272568117e+00
1.302615231385438888e+00
2.033246552007291763e-01
6.555332212036584227e-01
9.773289844259688275e-01
7.762056339551804962e-01
1.048049979057350978e+00
6.462798941448015810e-01
2.114920098631811740e+00
1.838190878359432734e+00
1.429805415628395915e+00
1.256003714499909218e+00
1.205832712422501896e+00
1.069239403088825924e+00
1.147011224450990685e+00
8.497669534033720495e-01
8.578455630434046464e-01
1.351043248945324349e+00
1.326428129825175217e+00
9.645861947288653093e-01
1.587640059304427531e+00
5.590242684854055399e-01
9.796202128647401031e-01
1.266846516539174905e+00
1.369124029007403820e+00
9.813695215150169959e-01
9.300818930422954933e-01
6.896817929237313294e-01
1.362123452517883582e+00
4.216070740637177239e-01
7.806963965754463164e-01
2.205694117164954005e+00
1.619419087282800707e+00
9.977050758347247861e-01
1.016741001886068974e+00
6.317270357353121923e-01
1.315566846030402193e+00
7.677100268498118218e-01
1.195649798770515471e+00
1.622915180004882885e+00
-3.006542482647700867e-02
6.909123679051203393e-01
8.508461229503211376e-01
1.222281555355187344e+00
6.829784892504408012e-01
1.128190106679799687e+00
1.520603438270138774e+00
1.259884366298819502e+00
1.011649044222481475e+00
1.032283006110396917e+00
1.001489439828349370e+00
1.086658157446909634e+00
1.001084601908015959e+00
1.003409826696737506e+00
1.398771065468420005e+00
1.040055823067185026e+00
1.121405412618649011e+00
1.097971172936177631e+00
1.030088931210863201e+00
1.098829874462177836e+00
1.615943277265084577e+00
1.656994414283050610e+00
1.090605209335099302e+00
5.875288607919944631e-03
3.540481955694632088e-01
6.329628672312529458e-01
2.320439188014629950e-01
