1.199222821483204804e+00
9.370361034669676403e-01
9.732273830691470229e-01
1.018155848803951269e+00
1.189316495310555721e+00
1.507937808540068536e+00
1.182297666255114565e+00
1.113204776214971714e+00
1.354254592001850499e+00
1.929299861418156681e+00
1.132896539853576856e+00
1.042960214342480096e+00
9.889644951233131920e-01
8.002611292583908797e-01
8.857518805149252605e-01
1.188320578384219006e+00
1.177453408963134107e+00
9.116820129590855748e-01
1.030578997854243006e+00
8.939422461967362343e-01
1.011238942900900994e+00
1.282208521750189512e+00
9.918184389503265086e-01
1.800303799084352230e+00
1.165818216762533277e+00
1.042294332743041618e+00
9.453976679688835816e-01
1.009372166892704481e+00
4.635837442229359118e-01
9.803407724478921947e-01
4.723778263505661323e-01
8.031619554192663823e-01
1.007866295718698346e+00
1.029694499245512596e+00
9.140723830407957440e-01
1.012972017975756867e+00
9.230645806865133141e-01
9.446961071995398918e-01
1.013223706328920892e+00
1.013225126687719246e+00
9.625938754656809815e-01
1.268383749805514826e+00
8.878940779202442179e-01
2.275343112056268102e-01
9.558078029348611171e-01
9.917414084692300902e-01
1.004887685916709295e+00
1.006743523603869317e+00
8.910854894120464609e-01
1.204690249847129691e+00
1.088079366245954249e+00
1.335783782729945024e+00
8.399682121569493898e-01
1.189453248904549065e+00
1.012238898722328306e+00
1.017103287373079423e+00
7.313679138222330955e-01
1.249054577589427506e+00
1.023302150569134428e+00
1.029656575507119198e+00
1.347234828543308227e+00
1.056989251142157027e+00
1.090341880837239152e+00
1.160040245757233635e+00
1.287001104669103224e+00
1.182794801316591204e+00
1.006472776507112199e+00
1.012978065118870674e+00
1.099962168458225031e+00
1.003006511524885402e+00
1.085209608599243092e+00
1.024892470333821581e+00
1.108154212365098479e+00
1.080836645324892764e+00
1.840043227590219654e+00
1.384104343602299725e+00
1.138377858644381346e+00
5.679639658185484628e-03
8.212965917994716758e-01
9.005594640958317632e-01
4.917516723482794755e-02
