1.173802419036811706e+00
8.681635361547060947e-01
3.362916346957169900e-01
1.048483862320624738e+00
1.125072569110537435e+00
1.164805889033081021e+00
3.459612142949045621e-01
1.834138772177871690e+00
1.680827561601266229e+00
2.000854915830689862e+00
1.287050991594026694e+00
1.141746033152118756e+00
8.313124473548988425e-01
8.764419519234939449e-01
9.068398315216071870e-01
1.149549696653223929e+00
6.582668310878900808e-01
1.159894728466234426e+00
7.424347888311002563e-01
8.632213605791733135e-01
4.933140537744364895e-01
1.113555828339483078e+00
8.346533175333876731e-01
1.370976341092808415e+00
1.854339211457761927e+00
1.198892713603184612e+00
9.925787614413542626e-01
1.212801523618705524e+00
8.594749460179100797e-01
1.033759691450788720e+00
9.267327505451635750e-01
1.289265666179316705e+00
6.687550240917010669e-01
6.083580721808701242e-01
1.123341633961756125e+00
1.020231438144467262e+00
7.722698999236990991e-01
1.123737118879327257e+00
1.626593734321954088e+00
1.340321381370090492e+00
7.737115255586292095e-01
7.285736532460813653e-01
1.076209552992705598e+00
5.760026307027074077e-01
9.067079519946398269e-01
1.885844645846029399e+00
1.050567841671432801e+00
8.911177289477990593e-01
9.218302426506762570e-01
1.150677229001525470e+00
1.690518641731096006e+00
1.393173826262460002e+00
1.038553197732133837e+00
1.095711559159572523e+00
1.511260666229477856e+00
1.096641011889851303e+00
8.056828714143678960e-01
9.799061014996354180e-01
1.334507539793956310e+00
1.474992814294189047e+00
1.033688530993870147e+00
1.078862600595376309e+00
1.009227572751801638e+00
1.033710600951116332e+00
1.374054298969488386e+00
1.250973695165774613e+00
1.367509274437684663e+00
1.001950553030857671e+00
1.395745776169315500e+00
1.617317389411217388e+00
1.394655969327644573e+00
1.000743375493156728e+00
1.258590859713449195e+00
1.225189738437044262e+00
1.124104198426333356e+00
1.261987266895485238e+00
1.560775755213925420e+00
1.189010190907805950e-02
2.596335371500256839e-01
6.559749229589072472e-01
1.038595216701648782e-01
