1.167230324462999569e+00
8.551647995664267699e-01
2.988628298436391550e-01
1.052050006095309520e+00
1.101367200303292160e+00
1.138094963298548423e+00
3.081708615339768809e-01
1.832968217203813088e+00
1.671501727977865226e+00
1.996736435167554058e+00
1.307529012117584877e+00
1.135194186947185324e+00
8.176149878177316754e-01
8.861984015684893912e-01
9.166949423295133181e-01
1.119189970834969960e+00
6.398619736274206993e-01
1.175506251418246162e+00
7.485357464847303133e-01
8.323101540346131699e-01
5.062299636566186534e-01
1.088067128260533201e+00
8.348657203508244029e-01
1.370383806099360280e+00
1.833715912371746803e+00
1.199991196237663038e+00
9.913714116482233996e-01
1.175163561525126799e+00
8.554929475501685809e-01
1.051610577411733249e+00
9.341201776650800426e-01
1.299506934607265851e+00
7.082788984653491937e-01
6.133002816385176859e-01
1.110547883649640744e+00
1.017014883731645503e+00
7.608913554854929151e-01
1.123995987624762938e+00
1.628702775832440830e+00
1.369237401756874473e+00
7.504063270917065154e-01
7.220351696363400684e-01
1.072094982191612811e+00
5.764985445105278439e-01
8.841065424077304558e-01
1.917361779373998765e+00
1.033454540952769340e+00
8.867853639218261641e-01
9.029244394506004134e-01
1.133134511416640899e+00
1.672638647547613377e+00
1.380919475685613351e+00
1.075860690646448736e+00
1.108220738774927883e+00
1.526311416888482597e+00
1.133406375592625581e+00
7.962559810887831491e-01
1.002277189412236202e+00
1.296898386506777134e+00
1.456997039670328453e+00
1.045919226118902312e+00
1.090735724799310580e+00
1.007276669086168086e+00
1.018915261464569344e+00
1.361012911164328321e+00
1.233226335883653935e+00
1.371914451388547285e+00
1.004038338788767915e+00
1.398529380498494179e+00
1.641378633057080094e+00
1.402488420614787845e+00
1.002856246984902500e+00
1.270450947109940110e+00
1.244027963581107343e+00
1.150048917431603313e+00
1.236910505389792192e+00
1.551749063971979092e+00
2.146562230299410914e-03
2.169995190005694630e-01
6.737020796188323279e-01
9.820090056120081567e-02
