9.171616148340994146e-01
8.405180314530485974e-01
6.270385577204976579e-01
9.205272298128628350e-01
1.045085015528698369e+00
1.369143459454401413e+00
1.319960594332542314e+00
1.225242464795853081e+00
1.238831853795554272e+00
1.649047340123716676e+00
1.044938131407115778e+00
9.184684875781310431e-01
9.847161000868794867e-01
7.586671047343053198e-01
1.001381296377049646e+00
1.048442641018204169e+00
1.072409161268055300e+00
1.001691903277611706e+00
1.048043438950117645e+00
6.563823305576954592e-01
9.228884625681373910e-01
1.225530091649592146e+00
9.931521358479435957e-01
1.982787615195772846e+00
1.491891909488431089e+00
1.069714481696521391e+00
1.150605056411684091e+00
1.009656003685694747e+00
9.821141181258922215e-01
1.023879053864474864e+00
8.370769836167599731e-01
8.117528886767858554e-01
1.025082822830952312e+00
1.083665367632077547e+00
6.692855302541721452e-01
9.945792288502216527e-01
1.103540656744625315e+00
9.911540110436065643e-01
1.157610708057503102e+00
1.011438236940315427e+00
1.104421627501736447e+00
9.952528170777770189e-01
8.361258839138260290e-01
7.953641599449663424e-01
1.039276993905099866e+00
9.015838601093740801e-01
9.959469275222532225e-01
1.135013544705053334e+00
1.003464115568229564e+00
1.026282260483251330e+00
6.768129066325897503e-01
9.792857797087948235e-01
1.033386310207302428e+00
1.472994868199662744e+00
9.946395737281304994e-01
1.061457700524301995e+00
1.065172572535829865e+00
9.719270118081539955e-01
5.394215027483794112e-01
1.035826314557178662e+00
1.015899754088732676e+00
1.079361492348614338e+00
1.017935360480526574e+00
1.008022093692100274e+00
1.157668045465370943e+00
1.030965223608729664e+00
1.015089350312828209e+00
1.130677628039659988e+00
1.003496263229890717e+00
1.001418897823862508e+00
1.257447682355191221e+00
1.166118101032038057e+00
1.000013362763267244e+00
1.064661558308805045e+00
1.196237735284906512e+00
1.142386016110869873e+00
1.020641259630941544e+00
2.724972119331485754e-01
4.450488726513298632e-01
8.547705643014869015e-01
1.463675525569230283e-03
