1.037762176838587180e+00
1.575622895333215867e+00
8.128666039236506213e-01
1.815531560165207781e+00
7.846662221450741992e-01
1.608560418880447207e+00
9.397646764137573827e-01
2.098624192775714992e+00
1.471566815401466055e+00
1.591654174381085252e+00
4.224867454062281036e-01
8.096540827206721858e-01
1.206342271448638259e+00
1.193323266539556782e+00
1.099976373007508057e+00
1.670478829725873693e+00
4.793713997546931171e-01
1.758446528782213525e+00
7.339027548355243624e-01
7.949949338703604651e-01
1.015777140101253195e+00
1.746807176893741875e+00
1.112696971706581106e+00
1.302036707052941722e+00
1.358414922951052040e+00
1.314274037342243018e+00
1.445442838956354281e+00
7.628294725452661185e-01
1.280013505273338126e+00
1.147201739951754673e+00
2.292994202638809209e-01
4.294082289863206392e-01
1.101893586820079429e+00
1.066607729375209646e+00
1.800600560494709956e+00
7.903795829328246203e-01
7.525811396799074737e-01
2.997022796304323056e-04
1.233999006121625053e+00
7.015365602693195424e-01
1.774404348065409476e+00
1.138779882895111228e+00
1.257511031715466521e+00
3.918945658127619414e-01
1.116746012082191042e+00
9.600854947991439570e-01
4.962866889614521437e-02
4.674123684339841489e-01
1.117547633136819929e+00
1.347150444618358422e+00
1.238027755277023578e+00
7.369159473461442955e-01
1.602665940105949982e+00
2.082863596674946915e+00
1.370995484989772750e+00
8.824473112437720701e-01
1.670312077983067134e+00
1.230153817334969757e+00
4.282061104796334727e-01
1.040372958041255957e+00
1.109141925452396205e+00
1.147796842542859519e+00
1.675941617678997630e+00
1.558561835836137721e+00
1.064072958634949329e+00
1.013115803799088832e+00
1.468732210086269641e+00
1.224053391588136641e+00
1.724019579867773100e+00
1.005026820196592841e+00
1.213789951437423298e+00
1.011493561024144450e+00
1.722053919278714540e+00
1.003795449476849733e+00
2.659966980548776228e+00
1.222789127543996823e+00
1.248536996641056884e+00
7.153521649440841568e-02
7.826403935430719105e-01
9.312757392071306928e-01
3.035442976068090937e-02
