6.892759441267627407e-01
1.630360760232995920e+00
2.053361325814007099e-01
1.362256423442192999e+00
9.468119200451035056e-01
1.221413944563061182e+00
1.872123142424281683e+00
3.055633799711469756e+00
8.179667648465378527e-01
1.486510211810969206e+00
7.780628991973022046e-01
1.760137133931036768e+00
1.849795651196048940e+00
6.763980409892398349e-01
1.065355350167017434e+00
2.335733785131864693e+00
5.519605703994855395e-01
5.695639664250119472e-01
5.055713220099210536e-01
8.722680461908020044e-01
1.118875457401258711e+00
8.872669559632712089e-01
1.412726979053920973e+00
1.474248180214970116e-01
5.619406933227820700e-01
1.268503770539307407e+00
1.773269146647775407e-01
1.042615904867897347e+00
9.229941998449978646e-01
1.525449777683054897e+00
7.079881098433336017e-01
1.147851355517534921e+00
1.270914035375851681e+00
1.231003164822431772e+00
1.550109536494326035e+00
2.000730588952233380e-01
1.242295631167662506e+00
9.230672703408075996e-01
9.891620376184292462e-01
1.138336336936931703e+00
1.594538526475858031e+00
2.797570352392217408e-01
7.639324319392840623e-01
1.270219326503973845e+00
1.150102585498886221e+00
7.408489126654301815e-01
1.147651188481334739e+00
1.312973441391524165e+00
6.221953524713118577e-01
1.021884432984414781e+00
7.697638137290818694e-01
1.932945647495302455e-01
8.188489422440761167e-01
1.043937243911130297e+00
6.665899777531660853e-01
1.256789239180472917e+00
8.879892470226983248e-01
1.611285530031671076e+00
6.372191769352403279e-01
1.608088201830190744e+00
1.339851301004796102e+00
2.039178407133531046e+00
1.101106847954827161e+00
1.149327308760036859e+00
1.233731250065468021e+00
1.010745200868552018e+00
1.579357666855155218e+00
1.752689084219172466e+00
1.146886774404270781e+00
1.844613390142882503e+00
1.260033904188405662e+00
1.026979784926931316e+00
1.229059797425370526e+00
1.699139095339572192e+00
1.250638174836142369e+00
1.160658835404287714e+00
2.091613229562089948e+00
6.491486822050455130e-01
5.235647598249954741e-05
7.074385075067902706e-01
3.921169136290256381e-03
