1.280864844300104499e+00
1.039306386284866601e+00
1.372419933522388780e+00
7.927577064847891597e-01
1.265725706684442731e+00
1.216890488618185717e+00
1.105307989010362979e+00
1.628968361995143832e+00
1.201435654879161596e+00
1.818351624925844678e+00
3.617812067116040753e-01
9.237780670834188079e-01
8.900369431243699836e-01
1.438228401341697271e+00
8.729220121841293478e-01
1.813548516487159867e+00
7.080217697495708729e-01
7.432484434164472464e-01
7.036186659489933604e-01
1.934404386048243829e+00
8.961181485291155324e-01
1.675106705223944559e+00
1.477258717538833421e+00
1.764594649013640826e+00
1.374654369027555889e+00
1.058158205523284989e+00
9.061472807586761213e-01
9.572928973721257506e-01
7.229057404691359157e-01
1.379495637731369184e+00
8.645238491333147035e-01
1.155479350048747467e+00
1.091339989032910518e+00
9.720398646340309146e-01
7.025473050890548299e-01
7.887919823297190325e-01
1.506092481469032407e+00
8.091052068106492356e-01
1.335480667478702088e+00
9.709583766516303172e-01
1.116305414852453382e+00
1.211830585746681344e+00
9.189097870659168610e-01
1.784925602238815745e-01
4.617579244371111669e-01
7.315579748151128658e-01
6.385346586319616824e-01
6.520909022370686703e-01
1.739476754458503693e+00
4.555031992722332612e-01
1.776756683435432693e+00
1.329719186931138664e+00
5.670339963025142760e-01
1.068268659787611208e+00
3.808289806732725324e-01
1.459200385355936325e+00
1.527246963496219800e+00
8.162772377067810670e-01
8.092694281543082457e-01
1.010245385796168405e+00
1.352297018325603561e+00
1.047718248624069037e+00
1.346058277247221602e+00
1.652286696807607758e+00
1.374271002859607460e+00
1.390435004827913268e+00
1.125591974947347307e+00
1.872407994422202071e+00
1.189022178322594936e+00
1.020959303434979981e+00
1.290668697845257284e+00
1.260329148821397016e+00
1.060045031253870063e+00
1.098085216383242191e+00
1.000249843083438117e+00
1.011870863751862526e+00
1.160995738238972841e+00
5.681198535195032973e-04
3.956542854606479587e-01
8.981296071257762748e-01
7.447974288896516692e-02
