1.246136079578956446e+00
1.102075856616743454e+00
1.344303288995087664e+00
7.330724883612239617e-01
1.298692822234751798e+00
1.196087926631084208e+00
1.092450788886410784e+00
1.667936246972987258e+00
1.190413373121654406e+00
1.842257275531764327e+00
1.562438036159455312e-01
9.277569117399828702e-01
8.466366715700436307e-01
1.526814769725764132e+00
9.061331161178074467e-01
1.967702751243512127e+00
7.242957330351766920e-01
8.481173708465327143e-01
6.543877374440225658e-01
1.861994911865702429e+00
8.394153210882021598e-01
1.689751624995531776e+00
1.611402910717482762e+00
1.740626778360577775e+00
1.413682164731481672e+00
1.094268913890687145e+00
9.101588918197663913e-01
1.010081203530356575e+00
6.637408478617361496e-01
1.262039211979307574e+00
7.749504745649851145e-01
1.052137205747698534e+00
1.087131415651250599e+00
9.537116746727156702e-01
7.213160504023440334e-01
7.398888641150316303e-01
1.401267643168029542e+00
7.745504583496697348e-01
1.313841000347203636e+00
8.369253828448161014e-01
1.118218219885699805e+00
1.212259365801178213e+00
9.497725412943157641e-01
1.446949287493164427e-01
5.240622620176177415e-01
6.662743480920100270e-01
5.428808013804100607e-01
6.185397937681935687e-01
1.782647784040091388e+00
2.363800485260653117e-01
1.790524906536815175e+00
1.116593014505786075e+00
4.200036679883538127e-01
1.172411234368662125e+00
3.725876720564353928e-01
1.521102455679966825e+00
1.654784219906469733e+00
7.959664015240753843e-01
6.486875346675632370e-01
1.000073348470778223e+00
1.391200973179861800e+00
1.024299026971077442e+00
1.390055629095173995e+00
1.601948635148066957e+00
1.446187464822020319e+00
1.255136042450442746e+00
1.083852976318807837e+00
2.088493903525473705e+00
1.260710107727421647e+00
1.002856369267892456e+00
1.289240750124461155e+00
1.234412722344922164e+00
1.029855882818812240e+00
1.108002429694675772e+00
1.062759815401454588e+00
1.037434842555605252e+00
1.070078984014732448e+00
8.877930676677957397e-04
2.852911644018305548e-01
8.872110155295040990e-01
5.680256198336960938e-02
