1.345636905192875599e+00
1.205455688722959939e+00
1.954018232973826208e-01
1.090262030794644676e+00
1.035237674866454016e+00
1.486001790029981340e+00
1.105391131910766100e+00
9.520378561984486065e-01
1.360234418617589425e+00
1.739971277324241061e+00
2.023920629930040516e+00
2.748962386973115568e-01
9.114149307779931819e-01
1.073628954037610050e+00
9.488346013239741250e-01
9.414551407339220024e-01
1.021378051013037913e+00
8.507052126739370612e-01
1.024807696008523061e+00
1.014244088734903571e+00
1.339739241528978608e+00
1.021143230074440522e+00
8.365953886565419273e-01
1.496317263616620652e+00
1.099460824415704696e+00
1.538860673272796964e+00
9.845596833276789583e-01
6.171124836746022524e-01
7.342725747833926953e-01
4.776533310144497335e-01
1.165010762836860669e+00
1.220146547018784888e+00
1.071018239820684226e+00
1.002142925781441596e+00
1.471029269218809610e+00
6.625902828454725002e-01
9.026783564727711706e-01
9.246281715467460360e-01
1.304405060588053056e+00
4.879615155348685507e-01
8.027211381591574657e-01
8.458652095496058676e-01
1.730947215896910363e+00
9.010594844521139235e-01
8.469337847477796943e-01
1.247276816941872868e+00
1.369566987791442036e+00
6.987369051782350571e-01
1.493692763954746816e+00
7.302950987709097008e-01
1.398233501227123643e+00
1.033164966751326963e+00
8.188888687904593011e-01
1.056271483867041727e+00
1.076788816443926544e+00
9.693585363466217242e-01
4.538943439886820586e-01
7.299376745857055759e-01
8.366319180210877171e-01
1.000137174898164671e+00
1.223614653218415560e+00
1.292241580087468922e+00
1.007190457293942742e+00
1.020205057237216106e+00
1.233671887242376641e+00
1.045269978872074734e+00
1.101967655180109418e+00
1.081362244299279185e+00
1.129480778620799208e+00
1.266998116192212143e+00
1.442354346722317882e+00
1.597376264023206094e+00
1.164766726507592054e+00
1.115910470692796919e+00
1.211888132303016619e+00
1.399409300776303766e+00
1.294071155753943714e+00
1.536195119538523168e-01
3.568656400410681329e-01
7.139144159926094080e-01
1.328076636528582599e-01
