1.319022555809580055e+00
1.113865597776909411e+00
2.716573409264722572e-01
9.944445600315653389e-01
9.387091814506823839e-01
1.595955131954171158e+00
1.241593887304006438e+00
9.903580260263480373e-01
1.348617307843609447e+00
1.757621255872964028e+00
2.027176867515531278e+00
4.069375207473422962e-01
9.385569563443365571e-01
1.026856106111181166e+00
9.841718855536176758e-01
1.110768448659521512e+00
9.502859382980564096e-01
8.510866450905318903e-01
1.033685138453817487e+00
1.016555147161423145e+00
1.337484616244141611e+00
9.424975409189170206e-01
9.609429707741840021e-01
1.441477839252065518e+00
9.855559729892664489e-01
1.549001175045436884e+00
1.092184836996674013e+00
6.100306568223087256e-01
8.423391608771109151e-01
5.879905014857790269e-01
1.286476778452825709e+00
1.275775023242309514e+00
1.071481416651554053e+00
1.098573277939456805e+00
1.457061734226027694e+00
5.714442814227052025e-01
1.084367644536507580e+00
1.039028139595826072e+00
1.267943168274870969e+00
3.899297212289066228e-01
8.797361368154986705e-01
8.697109526532468271e-01
1.629601859218581028e+00
9.892929047399617870e-01
8.489639056668025763e-01
1.165299003916913101e+00
1.293670534748223355e+00
7.306975873921300879e-01
1.350913366119981474e+00
5.488505957575038341e-01
1.486410098811603797e+00
1.012133110765271793e+00
8.639974383473049135e-01
1.129072720814986441e+00
1.042765974155063224e+00
8.512550986493699900e-01
4.329021447502716113e-01
6.267521676687428656e-01
7.933506900354840852e-01
1.009681454171528880e+00
1.252819267873355180e+00
1.230490460609165559e+00
1.087348822856946340e+00
1.000189727156121089e+00
1.063233160210330208e+00
1.085223073585667164e+00
1.138002067224163749e+00
1.018397627670864836e+00
1.055920625199297191e+00
1.319479847430391484e+00
1.174835237071234495e+00
1.540584435909532646e+00
1.176670651943924284e+00
1.053639636468293617e+00
1.260485901324088998e+00
1.356906144226647459e+00
1.289188405541544125e+00
1.401064694202750205e-01
3.977539789883527410e-01
7.030476171546117259e-01
1.392301229772887894e-01
