6.891298098780034298e-01
1.621049377123915836e+00
1.530432981857395569e-01
1.349093869251086764e+00
9.893338760703169754e-01
1.227795285985415319e+00
1.872676796915229147e+00
3.080114199650534346e+00
8.596134615321129324e-01
1.453050871084813123e+00
7.507179004260222666e-01
1.776923041536799808e+00
1.832021026693822163e+00
6.834008773799362668e-01
1.067110223211983122e+00
2.318319493926333852e+00
5.958304947819221820e-01
5.620109490470553970e-01
4.753795483942280797e-01
8.668116648148315173e-01
1.156253776076874296e+00
9.406710074250801412e-01
1.423258037374037110e+00
1.808375861619861691e-01
5.857305820418096109e-01
1.216676632299197092e+00
1.208791920619134708e-01
1.031064844014982551e+00
9.608394266920206039e-01
1.520698816129628872e+00
6.993198459512304233e-01
1.152092994380560009e+00
1.265665243796928907e+00
1.233232015066845211e+00
1.590691809547226887e+00
2.684011797203076366e-01
1.270336035489243898e+00
9.194858408527910587e-01
1.021547905504537335e+00
1.142829599792912987e+00
1.615220794897325840e+00
3.539634295817546961e-01
8.209761560718232820e-01
1.248288863138768745e+00
1.104161033415408610e+00
7.245611544654323444e-01
1.231114912045625509e+00
1.373446488592210191e+00
5.794396248090957213e-01
1.029503061688414212e+00
7.490401344011996532e-01
1.366126827313101921e-01
8.699724196632703244e-01
1.121691870044091877e+00
6.845382627980811652e-01
1.332435566005548244e+00
9.910702729764675478e-01
1.589863454710383373e+00
6.187083441678203899e-01
1.598592686657326567e+00
1.353279565357672354e+00
2.094246398535539733e+00
1.089311146676447573e+00
1.158338373554377299e+00
1.310447036945439514e+00
1.000302173351237389e+00
1.541426818907603913e+00
1.794645760681433666e+00
1.173393290771270969e+00
1.891124669523254642e+00
1.269776806619555387e+00
1.014089781206484853e+00
1.266810186089736945e+00
1.703093936399771025e+00
1.235318398598177492e+00
1.142476787568890151e+00
2.106113314250604329e+00
6.877224069204764811e-01
4.653481271431459884e-03
7.218475608739988170e-01
6.416896735815022686e-03
